1.00 0.94
2.00 1.02
3.00 1.12
4.00 1.22
5.00 1.30
6.00 1.38
7.00 1.44
8.00 1.51
9.00 1.57
10.00 1.63
11.00 1.69
12.00 1.74
13.00 1.79
14.00 1.84
15.00 1.89
16.00 1.94
17.00 1.99
18.00 2.03
19.00 2.08
20.00 2.12
21.00 2.16
22.00 2.21
23.00 2.25
24.00 2.29
25.00 2.33
26.00 2.38
27.00 2.41
28.00 2.46
29.00 2.50
30.00 2.53
31.00 2.57
32.00 2.61
33.00 2.65
34.00 2.68
35.00 2.72
36.00 2.75
37.00 2.79
38.00 2.82
39.00 2.87
40.00 2.90
41.00 2.94
42.00 2.97
43.00 3.00
44.00 3.04
45.00 3.07
46.00 3.11
47.00 3.15
48.00 3.18
49.00 3.23
50.00 3.26
51.00 3.29
52.00 3.33
53.00 3.37
54.00 3.40
55.00 3.44
56.00 3.47
57.00 3.50
58.00 3.53
59.00 3.58
60.00 3.60
61.00 3.64
62.00 3.67
63.00 3.71
64.00 3.74
65.00 3.77
66.00 3.81
67.00 3.84
68.00 3.87
69.00 3.90
70.00 3.94
71.00 3.97
72.00 4.01
73.00 4.04
74.00 4.08
75.00 4.10
76.00 4.14
77.00 4.17
78.00 4.20
79.00 4.24
80.00 4.26
81.00 4.30
82.00 4.33
83.00 4.36
84.00 4.39
85.00 4.42
86.00 4.45
87.00 4.48
88.00 4.51
89.00 4.54
90.00 4.57
91.00 4.60
92.00 4.63
93.00 4.66
94.00 4.69
95.00 4.72
96.00 4.74
97.00 4.77
98.00 4.80
99.00 4.83
100.00 4.86
101.00 4.90
102.00 4.93
103.00 4.95
104.00 4.98
105.00 5.01
106.00 5.04
107.00 5.07
108.00 5.10
109.00 5.12
110.00 5.16
111.00 5.19
112.00 5.22
113.00 5.24
114.00 5.27
115.00 5.30
116.00 5.33
117.00 5.36
118.00 5.39
119.00 5.42
120.00 5.45
121.00 5.48
122.00 5.51
123.00 5.54
124.00 5.57
125.00 5.60
126.00 5.63
127.00 5.66
128.00 5.68
129.00 5.71
130.00 5.74
131.00 5.76
132.00 5.79
133.00 5.82
134.00 5.84
135.00 5.87
136.00 5.90
137.00 5.93
138.00 5.95
139.00 5.98
140.00 6.00
141.00 6.03
142.00 6.06
143.00 6.09
144.00 6.12
145.00 6.15
146.00 6.18
147.00 6.21
148.00 6.23
149.00 6.27
150.00 6.30
151.00 6.32
152.00 6.36
153.00 6.39
154.00 6.41
155.00 6.44
156.00 6.47
157.00 6.51
158.00 6.52
159.00 6.56
160.00 6.58
161.00 6.61
162.00 6.64
163.00 6.67
164.00 6.70
165.00 6.73
166.00 6.75
167.00 6.78
168.00 6.81
169.00 6.84
170.00 6.87
171.00 6.90
172.00 6.92
173.00 6.95
174.00 6.98
175.00 7.01
176.00 7.04
177.00 7.07
178.00 7.09
179.00 7.12
180.00 7.15
181.00 7.18
182.00 7.20
183.00 7.23
184.00 7.25
185.00 7.28
186.00 7.31
187.00 7.33
188.00 7.37
189.00 7.40
190.00 7.42
191.00 7.45
192.00 7.47
193.00 7.50
194.00 7.52
195.00 7.55
196.00 7.58
197.00 7.60
198.00 7.63
199.00 7.65
200.00 7.69
201.00 7.71
202.00 7.73
203.00 7.76
204.00 7.78
205.00 7.81
206.00 7.84
207.00 7.87
208.00 7.89
209.00 7.92
210.00 7.95
211.00 7.98
212.00 8.00
213.00 8.03
214.00 8.06
215.00 8.09
216.00 8.11
217.00 8.14
218.00 8.17
219.00 8.20
220.00 8.23
221.00 8.25
222.00 8.28
223.00 8.31
224.00 8.34
225.00 8.36
226.00 8.39
227.00 8.42
228.00 8.45
229.00 8.48
230.00 8.51
231.00 8.54
232.00 8.57
233.00 8.60
234.00 8.63
235.00 8.66
236.00 8.68
237.00 8.71
238.00 8.74
239.00 8.76
240.00 8.80
241.00 8.82
242.00 8.85
243.00 8.87
244.00 8.90
245.00 8.93
246.00 8.96
247.00 8.98
248.00 9.01
249.00 9.03
250.00 9.06
251.00 9.09
252.00 9.12
253.00 9.15
254.00 9.17
255.00 9.20
256.00 9.24
257.00 9.26
258.00 9.29
259.00 9.32
260.00 9.35
261.00 9.37
262.00 9.40
263.00 9.43
264.00 9.46
265.00 9.49
266.00 9.51
267.00 9.54
268.00 9.57
269.00 9.60
270.00 9.63
271.00 9.66
272.00 9.69
273.00 9.71
274.00 9.75
275.00 9.78
276.00 9.80
277.00 9.83
278.00 9.86
279.00 9.88
280.00 9.91
281.00 9.94
282.00 9.96
283.00 9.99
284.00 10.01
285.00 10.04
286.00 10.07
287.00 10.10
288.00 10.13
289.00 10.16
290.00 10.18
291.00 10.21
292.00 10.24
293.00 10.27
294.00 10.30
295.00 10.33
296.00 10.36
297.00 10.38
298.00 10.41
299.00 10.44
300.00 10.47
301.00 10.50
302.00 10.52
303.00 10.55
304.00 10.58
305.00 10.61
306.00 10.64
307.00 10.67
308.00 10.69
309.00 10.72
310.00 10.76
311.00 10.78
312.00 10.82
313.00 10.85
314.00 10.88
315.00 10.91
316.00 10.94
317.00 10.97
318.00 10.99
319.00 11.03
320.00 11.06
321.00 11.08
322.00 11.11
323.00 11.14
324.00 11.17
325.00 11.20
326.00 11.22
327.00 11.25
328.00 11.28
329.00 11.31
330.00 11.34
331.00 11.36
332.00 11.39
333.00 11.42
334.00 11.44
335.00 11.47
336.00 11.50
337.00 11.52
338.00 11.55
339.00 11.58
340.00 11.61
341.00 11.64
342.00 11.66
343.00 11.69
344.00 11.72
345.00 11.75
346.00 11.78
347.00 11.81
348.00 11.84
349.00 11.86
350.00 11.89
351.00 11.92
352.00 11.95
353.00 11.97
354.00 12.01
355.00 12.03
356.00 12.06
357.00 12.09
358.00 12.12
359.00 12.14
360.00 12.17
361.00 12.20
362.00 12.23
363.00 12.26
364.00 12.29
365.00 12.32
366.00 12.35
367.00 12.38
368.00 12.41
369.00 12.44
370.00 12.47
371.00 12.50
372.00 12.54
373.00 12.56
374.00 12.59
375.00 12.62
376.00 12.65
377.00 12.68
378.00 12.71
379.00 12.74
380.00 12.77
381.00 12.80
382.00 12.83
383.00 12.86
384.00 12.89
385.00 12.93
386.00 12.96
387.00 13.00
388.00 13.03
389.00 13.06
390.00 13.09
391.00 13.12
392.00 13.16
393.00 13.18
394.00 13.22
395.00 13.25
396.00 13.28
397.00 13.32
398.00 13.35
399.00 13.38
400.00 13.42
401.00 13.46
402.00 13.49
403.00 13.52
404.00 13.56
405.00 13.60
406.00 13.64
407.00 13.67
408.00 13.70
409.00 13.74
410.00 13.77
411.00 13.80
412.00 13.83
413.00 13.87
414.00 13.91
415.00 13.95
416.00 13.98
417.00 14.02
418.00 14.06
419.00 14.09
420.00 14.12
421.00 14.16
422.00 14.19
423.00 14.22
424.00 14.25
425.00 14.29
426.00 14.32
427.00 14.35
428.00 14.39
429.00 14.42
430.00 14.46
431.00 14.49
432.00 14.52
433.00 14.55
434.00 14.59
435.00 14.62
436.00 14.65
437.00 14.68
438.00 14.72
439.00 14.75
440.00 14.78
441.00 14.82
442.00 14.85
443.00 14.88
444.00 14.93
445.00 14.96
446.00 15.00
447.00 15.03
448.00 15.07
449.00 15.10
450.00 15.14
451.00 15.17
452.00 15.21
453.00 15.24
454.00 15.28
455.00 15.31
456.00 15.35
457.00 15.39
458.00 15.43
459.00 15.47
460.00 15.51
461.00 15.55
462.00 15.59
463.00 15.62
464.00 15.67
465.00 15.70
466.00 15.74
467.00 15.78
468.00 15.81
469.00 15.86
470.00 15.90
471.00 15.94
472.00 15.98
473.00 16.01
474.00 16.05
475.00 16.09
476.00 16.12
477.00 16.16
478.00 16.19
479.00 16.22
480.00 16.26
481.00 16.29
482.00 16.33
483.00 16.36
484.00 16.40
485.00 16.43
486.00 16.47
487.00 16.51
488.00 16.54
489.00 16.57
490.00 16.61
491.00 16.64
492.00 16.67
493.00 16.70
494.00 16.74
495.00 16.77
496.00 16.80
497.00 16.84
498.00 16.87
499.00 16.91
500.00 16.94
501.00 16.97
502.00 17.00
503.00 17.04
504.00 17.06
505.00 17.10
506.00 17.12
507.00 17.16
508.00 17.19
509.00 17.22
510.00 17.27
511.00 17.29
512.00 17.33
513.00 17.35
514.00 17.39
515.00 17.43
516.00 17.46
517.00 17.49
518.00 17.52
519.00 17.55
520.00 17.59
521.00 17.63
522.00 17.66
523.00 17.70
524.00 17.73
525.00 17.76
526.00 17.80
527.00 17.83
528.00 17.86
529.00 17.89
530.00 17.93
531.00 17.96
532.00 18.00
533.00 18.02
534.00 18.05
535.00 18.09
536.00 18.12
537.00 18.15
538.00 18.19
539.00 18.22
540.00 18.25
541.00 18.28
542.00 18.32
543.00 18.34
544.00 18.38
545.00 18.41
546.00 18.44
547.00 18.47
548.00 18.51
549.00 18.54
550.00 18.58
551.00 18.61
552.00 18.64
553.00 18.68
554.00 18.71
555.00 18.75
556.00 18.79
557.00 18.82
558.00 18.86
559.00 18.88
560.00 18.93
561.00 18.97
562.00 18.99
563.00 19.03
564.00 19.06
565.00 19.10
566.00 19.15
567.00 19.18
568.00 19.22
569.00 19.26
570.00 19.30
571.00 19.34
572.00 19.38
573.00 19.42
574.00 19.46
575.00 19.50
576.00 19.55
577.00 19.59
578.00 19.63
579.00 19.67
580.00 19.71
581.00 19.75
582.00 19.79
583.00 19.83
584.00 19.88
585.00 19.92
586.00 19.95
587.00 20.00
588.00 20.05
589.00 20.08
590.00 20.12
591.00 20.17
592.00 20.20
593.00 20.24
594.00 20.29
595.00 20.32
596.00 20.36
597.00 20.41
598.00 20.45
599.00 20.49
600.00 20.53
601.00 20.57
602.00 20.61
603.00 20.66
604.00 20.71
605.00 20.76
606.00 20.80
607.00 20.85
608.00 20.89
609.00 20.94
610.00 20.98
611.00 21.02
612.00 21.06
613.00 21.10
614.00 21.14
615.00 21.18
616.00 21.22
617.00 21.27
618.00 21.31
619.00 21.35
620.00 21.40
621.00 21.44
622.00 21.48
623.00 21.53
624.00 21.57
625.00 21.61
626.00 21.65
627.00 21.69
628.00 21.72
629.00 21.75
630.00 21.79
631.00 21.81
632.00 21.85
633.00 21.88
634.00 21.91
635.00 21.94
636.00 21.97
637.00 21.99
638.00 22.03
639.00 22.07
640.00 22.10
641.00 22.13
642.00 22.18
643.00 22.21
644.00 22.24
645.00 22.29
646.00 22.31
647.00 22.33
648.00 22.35
649.00 22.39
650.00 22.40
651.00 22.43
652.00 22.45
653.00 22.47
654.00 22.49
655.00 22.52
656.00 22.56
657.00 22.59
658.00 22.63
659.00 22.66
660.00 22.70
661.00 22.72
662.00 22.75
663.00 22.78
664.00 22.79
665.00 22.82
666.00 22.84
667.00 22.86
668.00 22.90
669.00 22.93
670.00 22.96
671.00 22.98
672.00 23.01
673.00 23.04
674.00 23.09
675.00 23.12
676.00 23.16
677.00 23.19
678.00 23.20
679.00 23.23
680.00 23.26
681.00 23.29
682.00 23.31
683.00 23.33
684.00 23.36
685.00 23.38
686.00 23.42
687.00 23.44
688.00 23.46
689.00 23.48
690.00 23.52
691.00 23.54
692.00 23.56
693.00 23.56
694.00 23.59
695.00 23.61
696.00 23.61
697.00 23.63
698.00 23.64
699.00 23.67
700.00 23.69
701.00 23.71
702.00 23.74
703.00 23.76
704.00 23.77
705.00 23.80
706.00 23.82
707.00 23.83
708.00 23.87
709.00 23.88
710.00 23.92
711.00 23.96
712.00 23.98
713.00 24.00
714.00 24.05
715.00 24.08
716.00 24.10
717.00 24.11
718.00 24.15
719.00 24.17
720.00 24.21
721.00 24.27
722.00 24.28
723.00 24.32
724.00 24.37
725.00 24.38
726.00 24.40
727.00 24.42
728.00 24.46
729.00 24.48
730.00 24.50
731.00 24.53
732.00 24.57
733.00 24.61
734.00 24.64
735.00 24.70
736.00 24.71
737.00 24.76
738.00 24.81
739.00 24.83
740.00 24.86
741.00 24.89
742.00 24.91
743.00 24.93
744.00 24.96
745.00 24.99
746.00 24.99
747.00 25.00
748.00 25.03
749.00 25.04
750.00 25.06
751.00 25.07
752.00 25.06
753.00 25.08
754.00 25.09
755.00 25.11
756.00 25.13
757.00 25.14
758.00 25.18
759.00 25.20
760.00 25.22
761.00 25.25
762.00 25.27
763.00 25.30
764.00 25.32
765.00 25.33
766.00 25.32
767.00 25.35
768.00 25.38
769.00 25.36
770.00 25.37
771.00 25.41
772.00 25.40
773.00 25.42
774.00 25.42
775.00 25.43
776.00 25.47
777.00 25.42
778.00 25.40
779.00 25.41
780.00 25.40
781.00 25.40
782.00 25.45
783.00 25.51
784.00 25.55
785.00 25.59
786.00 25.67
787.00 25.79
788.00 25.81
789.00 25.84
790.00 25.99
791.00 26.01
792.00 26.08
793.00 26.07
794.00 26.12
795.00 26.26
796.00 26.37
797.00 26.58
798.00 26.87
799.00 26.39
