-178.7809 -179.0812 -24.7554
-178.9247 -164.1723 -23.8713
-178.8939 -149.2256 -23.5170
-178.8957 -134.3754 -23.1149
-178.8605 -119.5043 -22.2257
-178.8315 -104.4782 -21.6944
-178.8466 -89.5415 -22.3176
-178.8247 -74.6616 -22.6197
-178.8351 -59.6129 -23.5442
-178.9098 -45.0848 -24.3602
-178.9658 -30.1149 -21.4158
-178.6982 -14.7638 -23.5900
-178.7666 -0.1610 -25.3556
-178.7871 14.7096 -25.0029
-178.8622 29.6137 -25.6589
-178.8802 44.3706 -24.7694
-178.8559 59.3601 -24.0672
-178.9079 74.2951 -23.8680
-178.9760 89.2345 -23.9779
-178.9646 104.1482 -24.4234
-178.9825 119.0353 -24.7671
-179.0234 133.9626 -25.1870
-178.8830 148.8088 -25.6876
-178.7764 163.6375 -25.2593
-178.7645 178.5379 -24.8617

-163.9465 -179.2393 -26.8927
-164.0025 -164.2453 -24.5580
-164.0203 -149.2033 -24.2845
-164.0203 -134.3620 -23.9288
-164.0035 -119.4274 -23.4357
-163.9685 -104.4931 -23.4165
-163.9839 -89.5794 -23.5122
-163.9911 -74.6294 -23.9113
-164.0317 -59.7664 -24.5223
-164.2124 -44.9909 -24.2713
-163.8165 -29.8884 -23.9175
-163.9351 -14.8855 -25.9578
-164.0084 -0.1431 -27.0299
-163.9274 14.6640 -27.1615
-164.0043 29.5079 -26.4838
-164.0321 44.4360 -25.7317
-164.0500 59.3329 -25.2310
-164.0673 74.2085 -24.4327
-164.1101 89.2055 -23.9308
-164.1048 104.1820 -24.4892
-164.0395 119.0299 -25.0127
-163.9456 134.0106 -25.3993
-163.9467 148.9756 -27.0526
-163.9397 163.7133 -27.8437
-163.9405 178.4106 -27.2001

-149.2519 -179.1781 -27.1938
-149.1637 -164.2348 -25.3519
-149.1720 -149.2247 -24.8729
-149.1678 -134.3624 -24.4840
-149.1582 -119.4360 -23.9625
-149.1654 -104.4641 -23.9743
-149.1410 -89.5769 -24.3552
-149.1546 -74.6249 -24.6159
-149.1740 -59.9185 -24.9358
-149.1573 -44.8779 -23.4444
-149.0858 -29.7757 -25.5273
-149.2073 -15.0433 -26.4845
-149.2303 -0.1142 -27.1223
-149.2218 14.7130 -27.7319
-149.1968 29.4801 -27.1792
-149.2044 44.3749 -25.9599
-149.2285 59.3211 -25.0807
-149.2400 74.2316 -24.4172
-149.1672 89.2067 -24.0168
-149.1437 104.2129 -24.6462
-149.0988 119.1469 -25.8468
-149.1044 134.0212 -27.1318
-149.2090 148.8425 -27.8568
-149.2301 163.6850 -27.9492
-149.2563 178.4609 -27.4234

-134.3526 -179.1672 -26.5701
-134.3285 -164.1947 -25.2315
-134.3229 -149.2226 -24.8233
-134.3118 -134.3498 -24.5376
-134.3362 -119.4240 -24.1092
-134.2893 -104.4572 -24.2419
-134.2767 -89.5678 -24.6731
-134.2917 -74.6836 -24.8266
-134.3546 -59.8306 -24.8725
-134.1556 -44.8097 -24.7974
-134.2788 -29.8947 -26.1843
-134.2687 -15.0690 -26.4504
-134.2395 -0.1149 -27.1316
-134.2710 14.6794 -27.5136
-134.3277 29.4832 -26.7875
-134.3477 44.3940 -25.7366
-134.3502 59.2931 -24.8459
-134.3288 74.2537 -23.9704
-134.3067 89.2910 -24.2637
-134.2287 104.2425 -25.3536
-134.2482 119.1066 -26.5860
-134.3069 133.9238 -27.1136
-134.3415 148.8403 -27.3139
-134.3639 163.6928 -27.7030
-134.3550 178.4395 -26.8103

-119.4636 -179.1147 -26.1946
-119.3971 -164.1936 -25.1104
-119.4074 -149.2108 -24.6611
-119.3884 -134.3674 -24.4798
-119.3657 -119.4175 -23.7977
-119.3811 -104.4135 -24.2910
-119.3596 -89.5522 -24.9529
-119.3722 -74.7614 -24.9499
-119.3763 -59.7694 -24.4573
-119.3734 -44.7822 -25.4801
-119.3582 -29.9176 -26.2542
-119.2911 -14.9882 -27.1682
-119.2989 -0.1328 -28.0480
-119.3539 14.6336 -28.1129
-119.3820 29.4153 -26.8858
-119.4442 44.3590 -25.2478
-119.3691 59.3566 -24.5015
-119.3268 74.2572 -24.1631
-119.3871 89.2913 -24.1004
-119.3825 104.2810 -25.7470
-119.4181 119.0696 -26.7209
-119.4149 133.9309 -27.2365
-119.4207 148.7807 -27.2349
-119.4436 163.6575 -26.9848
-119.4685 178.4970 -26.3541

-104.4716 -179.1019 -25.7501
-104.4799 -164.1479 -25.2417
-104.4564 -149.2273 -24.8004
-104.4668 -134.3072 -24.7299
-104.4259 -119.4201 -24.5947
-104.4440 -104.4387 -24.6719
-104.4754 -89.5796 -25.3150
-104.5340 -74.7190 -25.0774
-104.3964 -59.7556 -25.2842
-104.4048 -44.8067 -25.8584
-104.4239 -29.8694 -26.9594
-104.4372 -14.9933 -28.0563
-104.4656 -0.1936 -28.6623
-104.5186 14.5937 -28.1365
-104.5318 29.4117 -26.8421
-104.4494 44.4031 -25.2132
-104.4459 59.4110 -25.1720
-104.4665 74.2424 -24.8544
-104.3953 89.2605 -24.6994
-104.4815 104.2252 -25.8339
-104.5063 119.0503 -26.5043
-104.5103 133.9249 -26.9102
-104.4966 148.8143 -26.9736
-104.4714 163.6494 -27.0481
-104.4701 178.4711 -25.9222

-89.5713 -179.1657 -26.3834
-89.7066 -164.1467 -25.0279
-89.5717 -149.1923 -25.2423
-89.6103 -134.3497 -24.8802
-89.6554 -119.3983 -24.6523
-89.6195 -104.4313 -24.9562
-89.6367 -89.6629 -25.2736
-89.6404 -74.6710 -24.5201
-89.5490 -59.6093 -25.9860
-89.4414 -44.8310 -27.1806
-89.5082 -29.9330 -27.6116
-89.5777 -15.0473 -28.3459
-89.7548 -0.2532 -28.2927
-89.7715 14.5766 -27.4959
-89.6811 29.4922 -26.3061
-89.5992 44.4611 -25.6986
-89.5749 59.3488 -25.3470
-89.5505 74.3037 -24.9637
-89.5685 89.2705 -25.4871
-89.6092 104.1583 -25.9795
-89.5825 119.0676 -26.6214
-89.5880 133.9376 -27.0699
-89.5511 148.8188 -27.3459
-89.5688 163.6691 -27.3079
-89.5565 178.4600 -26.6066

-74.7301 -179.2636 -26.1420
-74.7135 -164.1184 -23.9786
-74.7840 -149.1562 -25.0163
-74.8515 -134.4230 -24.2436
-74.8595 -119.3957 -23.6571
-74.8538 -104.4254 -24.1384
-74.8339 -89.6145 -24.5323
-74.6970 -74.6075 -24.4845
-74.6359 -59.5175 -26.4424
-74.5720 -44.8020 -28.4766
-74.6508 -30.0230 -28.4186
-74.8245 -15.2244 -28.1269
-74.9203 -0.3887 -26.2652
-74.9019 14.6676 -25.4076
-74.8758 29.5741 -25.2063
-74.8539 44.5022 -24.9529
-74.8019 59.4385 -25.2858
-74.7498 74.2774 -25.3420
-74.7723 89.2140 -25.1745
-74.6992 104.2064 -25.7819
-74.6862 119.0829 -26.7396
-74.6284 133.9597 -27.2487
-74.6185 148.8247 -27.8299
-74.7172 163.6280 -27.4545
-74.7341 178.3918 -26.4796

-59.8345 -179.1592 -25.9825
-59.8409 -164.2302 -24.3619
-60.0629 -149.3212 -23.5303
-60.0837 -134.4247 -22.1839
-60.0938 -119.3832 -21.6842
-60.0768 -104.4245 -22.2162
-59.9964 -89.4973 -22.9562
-59.8291 -74.4716 -24.3689
-59.7956 -59.4989 -26.9332
-59.9103 -44.8439 -28.8559
-59.9941 -30.2017 -27.9214
-60.1017 -15.2987 -26.0369
-59.9857 -0.3030 -24.5952
-59.9872 14.6284 -23.9569
-60.0376 29.5465 -23.2090
-60.0134 44.5317 -23.2027
-60.0264 59.4380 -23.5353
-60.0347 74.3261 -23.8361
-59.9314 89.3130 -24.3092
-59.8693 104.2460 -25.7314
-59.8492 119.1057 -26.6852
-59.8315 134.0182 -27.8342
-59.8559 148.7529 -28.2766
-59.8225 163.5626 -27.1311
-59.8381 178.4714 -26.1897

-45.1396 -179.2279 -24.9079
-45.1822 -164.3866 -22.6706
-45.4071 -149.4316 -20.1300
-45.4582 -134.3856 -18.7533
-45.2706 -119.3374 -18.5338
-45.1125 -104.3213 -19.6892
-44.9410 -89.3465 -21.6389
-44.9114 -74.4231 -24.1319
-45.0545 -59.6420 -26.2226
-45.1937 -44.9722 -26.6691
-45.2556 -30.2162 -25.1933
-45.1802 -15.2857 -23.2826
-45.3656 -0.3109 -21.9759
-45.3776 14.6185 -21.1378
-45.3382 29.5640 -20.5184
-45.3298 44.5694 -20.6567
-45.1878 59.4552 -21.3899
-45.1441 74.3571 -21.6362
-45.0909 89.3828 -22.8061
-45.0234 104.2884 -24.5910
-44.9611 119.1296 -26.0095
-44.9717 133.9563 -26.8767
-45.0145 148.8017 -27.0619
-44.9975 163.6078 -26.8215
-45.1256 178.3724 -25.2403

-30.4416 -179.3409 -21.7104
-30.7658 -164.4618 -18.7233
-30.4067 -149.5082 -18
-30.1373 -134.2085 -18
-29.9876 -119.0870 -18
-29.9106 -104.1748 -19.0921
-29.9399 -89.3154 -22.0458
-30.0883 -74.5851 -23.8629
-30.2150 -59.7620 -24.4034
-30.2976 -45.0844 -24.1130
-30.4512 -30.1936 -21.7281
-30.4116 -15.3502 -20.5129
-30.3836 -0.4789 -18
-30.3751 14.6946 -18
-30.3666 29.5249 -18
-30.4356 44.6746 -18
-30.2255 59.6427 -18.6796
-30.1579 74.3918 -19.6942
-30.1057 89.4524 -21.2902
-30.0642 104.3614 -23.8420
-30.0467 119.1550 -25.6490
-30.0947 133.9285 -26.5761
-30.2042 148.6934 -26.1150
-30.3661 163.4865 -24.8254
-30.3991 178.2588 -22.1992

-15.7064 -179.6624 -18
-15.3140 -164.2118 -18
-14.8765 -148.8068 -18
-14.6724 -134.1138 -18
-14.7609 -119.1751 -18.5651
-14.9174 -104.2751 -20.6605
-15.1056 -89.5056 -22.2122
-15.2684 -74.6999 -22.4905
-15.3818 -59.8637 -22.3094
-15.5633 -45.2162 -20.8431
-15.4938 -30.2845 -18
-15.4422 -15.1432 -18
-15.1829 -0.2890 -18
-15.1610 14.6558 -18
-15.1326 29.5328 -18
-14.9378 44.6967 -18
-15.0647 59.7165 -18
-15.0124 74.4187 -19.2375
-14.9998 89.4658 -21.2462
-15.0776 104.3204 -23.4975
-15.2025 119.0749 -24.9348
-15.3451 133.8091 -24.7853
-15.3627 148.5768 -23.4509
-15.4914 163.4197 -20.9473
-15.7064 178.0652 -18.0951

-0.1585 -179.0208 -18
0.4500 -163.7413 -18
0.2714 -149.0053 -18.1605
0.1715 -134.1030 -20.0074
0.0950 -119.2959 -21.3983
-0.0763 -104.4669 -21.9250
-0.2740 -89.6578 -21.9025
-0.3784 -74.8027 -21.0267
-0.4295 -60.0756 -19.6479
-0.5270 -45.1781 -18
-0.2746 -30.0400 -18
-0.2254 -15.1271 -18
-0.2205 -0.2177 -18
-0.1854 14.6408 -18
-0.1550 29.7802 -18
0.0967 44.7909 -18
0.0502 59.5699 -19.1280
0.0999 74.5209 -21.2110
-0.0037 89.3546 -22.7684
-0.1810 104.1715 -23.9486
-0.3417 118.9232 -23.8313
-0.4002 133.7224 -22.7451
-0.7386 148.5553 -20.8251
-0.5751 163.2307 -18
-0.2727 178.3428 -18

15.3158 -178.7582 -18
15.0989 -163.8342 -20.1696
15.1138 -149.0089 -22.1293
15.0377 -134.2041 -23.5137
14.8999 -119.4349 -23.7267
14.7665 -104.6501 -22.9020
14.6597 -89.8109 -21.1790
14.6448 -74.7916 -19.6110
14.6722 -60.0541 -18.6348
14.7497 -45.0995 -18
14.7776 -29.9838 -18
14.7917 -15.1096 -18
14.7831 -0.1800 -18
14.8713 14.7082 -18
15.1212 29.8444 -18
14.9956 44.8496 -19.5737
15.0500 59.6372 -22.1507
14.9234 74.4123 -23.8224
14.7546 89.1690 -24.0636
14.5885 103.9815 -23.4342
14.4693 118.8972 -22.2103
14.3983 133.4903 -20.7922
14.4760 148.3420 -18
14.8377 163.9545 -18
15.3029 178.8033 -18

30.0312 -178.7898 -21.9970
29.9833 -163.8896 -23.9885
29.8904 -149.1019 -25.4236
29.7718 -134.3247 -25.7020
29.6886 -119.5465 -24.9583
29.6480 -104.7038 -23.2483
29.7070 -89.7690 -21.5482
29.7589 -74.7865 -20.3319
29.8237 -60.0297 -19.3092
29.8155 -45.0710 -18
29.7821 -29.9607 -18
29.8064 -15.0989 -18
29.9760 -0.1588 -18
30.0390 14.9726 -18.1057
30.1038 29.9203 -21.4437
30.0206 44.6772 -23.3281
29.8423 59.5156 -24.8647
29.6536 74.2186 -24.9473
29.5153 89.0441 -23.7363
29.4871 103.9248 -22.3158
29.5619 118.7702 -20.4452
29.6924 133.7784 -18.6017
30.2127 148.9126 -18.8194
30.1767 163.8643 -20.1332
30.0423 178.7991 -21.6991

44.7552 -178.8692 -25.3803
44.6485 -163.9986 -26.4140
44.5603 -149.1829 -27.0224
44.5163 -134.3923 -26.6459
44.5118 -119.5698 -25.4440
44.5532 -104.6487 -23.8734
44.6339 -89.7150 -22.7801
44.6847 -74.7389 -21.9314
44.5687 -59.9821 -21.4107
44.7289 -45.0389 -19.1695
44.9461 -29.9821 -19.3075
44.9422 -14.9564 -19.4515
44.9458 -0.0054 -21.7005
44.9432 14.8428 -22.7153
44.7777 29.8337 -24.7104
44.7321 44.6029 -26.2343
44.6203 59.3384 -26.4577
44.5092 74.0975 -25.1720
44.5061 89.0070 -23.2293
44.6035 104.0314 -22.0301
44.7558 119.0165 -21.8828
44.8974 133.9506 -22.2226
44.8035 148.8933 -22.8385
44.7941 163.8373 -23.9075
44.7684 178.7364 -25.1881

59.3650 -178.9445 -26.2074
59.3022 -164.0731 -26.5894
59.2617 -149.2382 -26.5776
59.2569 -134.3836 -25.9707
59.3048 -119.5231 -25.0776
59.3776 -104.5914 -23.9533
59.4614 -89.5752 -23.6598
59.5376 -74.8665 -23.4551
59.5372 -60.0159 -21.0749
59.7049 -44.6771 -21.0705
59.7083 -29.8367 -23.5687
59.7086 -15.1389 -23.6269
59.5512 -0.0919 -23.9553
59.5690 14.8559 -25.2484
59.5119 29.7357 -26.5722
59.4319 44.5269 -27.4378
59.3453 59.2567 -26.8712
59.3881 74.0993 -25.1881
59.4727 89.1220 -23.7750
59.5799 104.1325 -23.7798
59.5811 119.0069 -23.9319
59.5097 133.9381 -24.0639
59.5467 148.8860 -24.6791
59.4456 163.7846 -25.4725
59.3740 178.6590 -26.1237

74.1287 -178.9893 -25.1996
74.0961 -164.1181 -25.0547
74.0798 -149.2374 -24.8717
74.0952 -134.3646 -24.3540
74.1264 -119.4559 -23.7888
74.1998 -104.5050 -23.4527
74.2316 -89.5476 -23.7026
74.2935 -74.6803 -24.1237
74.5209 -59.8045 -24.1192
74.4948 -44.8990 -24.1414
74.2427 -29.9992 -24.1165
74.2535 -15.0591 -24.2813
74.3457 -0.0792 -24.9740
74.3470 14.8076 -26.1887
74.2694 29.6396 -26.7497
74.1496 44.4454 -26.8454
74.1776 59.2569 -25.7546
74.1685 74.1956 -24.6502
74.2781 89.1953 -24.0159
74.3050 104.1683 -24.4970
74.2911 118.9983 -24.7835
74.3098 133.9415 -24.7690
74.2684 148.8305 -25.4310
74.2080 163.6558 -25.0244
74.1370 178.6254 -25.1728

89.0190 -179.0416 -23.4915
89.0124 -164.1271 -23.2963
88.9990 -149.2466 -22.9051
89.0052 -134.3496 -22.4793
88.9968 -119.4190 -22.1017
89.0173 -104.4838 -22.1257
89.0199 -89.5205 -22.4817
89.0292 -74.6462 -23.2653
88.9790 -59.7847 -23.4215
88.9982 -44.8885 -23.6278
89.1094 -29.9986 -23.6051
89.1469 -15.0358 -23.8664
89.1488 -0.0671 -24.7919
89.0686 14.7924 -25.9487
89.0400 29.5318 -26.1019
89.0038 44.4168 -25.1317
88.9514 59.2794 -24.5781
89.0424 74.2074 -23.0472
89.1244 89.3086 -23.5032
89.0998 104.1189 -24.0987
89.0954 118.9970 -24.0180
89.1007 133.9172 -24.1910
89.0291 148.7963 -24.1749
89.0578 163.6698 -24.1265
89.0252 178.5425 -23.5653

103.9707 -179.0448 -22.1141
103.9396 -164.1461 -21.6568
103.9621 -149.2221 -21.3405
103.9763 -134.3755 -21.0006
103.9295 -119.4364 -20.2748
103.9188 -104.4661 -20.4145
103.9116 -89.5390 -20.7824
103.8799 -74.6441 -21.4149
103.9139 -59.7856 -21.6942
103.9453 -44.8602 -21.8748
103.9769 -29.9263 -22.4431
103.9995 -14.9953 -23.2079
103.9746 -0.1273 -24.1586
103.9997 14.6877 -24.3672
103.9072 29.5400 -24.0683
103.7572 44.3084 -23.0795
103.7952 59.3373 -21.3195
104.0405 74.4436 -22.2441
104.0265 89.2139 -22.8339
103.9751 104.1202 -22.9097
103.9957 119.0311 -23.2341
103.9767 133.8831 -23.2746
103.9806 148.7530 -22.9744
103.9400 163.6550 -22.5061
103.9688 178.5621 -22.1749

118.9518 -179.0689 -21.1939
118.9490 -164.1479 -20.6059
118.9267 -149.2027 -20.3831
118.9458 -134.3677 -20.2066
118.9754 -119.4753 -19.3548
118.9077 -104.4968 -19.0921
118.8882 -89.5647 -19.2934
118.8573 -74.6700 -19.6304
118.8623 -59.7209 -20.0037
118.9516 -44.7948 -20.9834
118.9759 -29.9082 -21.7894
119.0545 -15.0422 -22.5830
118.9481 -0.1693 -22.8608
118.5867 14.7270 -23.3040
118.6847 29.3323 -22.5215
118.7608 44.3292 -19.4533
119.0213 59.6022 -20.4162
118.9265 74.3867 -21.5794
118.9223 89.2228 -22.1380
118.9119 104.0872 -22.0508
118.9084 119.0150 -22.1054
118.9428 133.9006 -22.1731
118.9773 148.7797 -22.0751
119.0018 163.6574 -21.7924
118.9571 178.5339 -21.2931

133.9705 -179.0863 -21.3669
133.9255 -164.1789 -20.6447
133.9108 -149.2355 -20.0493
133.9009 -134.3063 -19.9417
133.9533 -119.4811 -19.6219
133.9217 -104.5455 -18.8120
133.9053 -89.5764 -18.8706
133.9116 -74.6683 -19.0627
133.9481 -59.6901 -19.6390
133.9284 -44.7667 -20.8825
133.9127 -29.9282 -21.8037
133.5407 -14.9607 -22.6476
133.6243 -0.5687 -22.5871
133.5127 14.3719 -18
133.7218 29.8855 -18.8023
134.0930 44.5748 -20.0091
133.9585 59.4627 -20.7372
133.8787 74.3454 -21.0920
133.8529 89.2110 -21.5291
133.8707 104.1056 -21.3249
133.9306 119.0852 -21.9519
133.9663 133.9440 -22.4722
134.0238 148.7985 -22.7674
133.9909 163.6168 -22.3141
133.9760 178.5105 -21.4953

148.9278 -179.1372 -22.3010
148.9061 -164.1902 -21.0465
148.9200 -149.2316 -20.6632
148.9060 -134.3213 -20.3590
148.8722 -119.4607 -20.1078
148.9142 -104.5565 -19.4065
148.8900 -89.5890 -19.2593
148.8948 -74.6191 -19.6181
148.9076 -59.7252 -20.4937
148.9068 -44.6627 -21.5210
148.9468 -30.3663 -22.3480
148.3888 -15.4642 -18
148.6195 0.1462 -18.2644
149.3634 14.8207 -20.1847
149.1864 29.6792 -20.9871
148.9783 44.5326 -21.4642
148.9282 59.3839 -21.5437
148.8885 74.2977 -21.3519
148.8885 89.2330 -21.5796
148.9410 104.1504 -21.8836
148.9255 119.0703 -22.5273
148.9170 133.9783 -23.0937
148.9167 148.8281 -23.8173
148.9563 163.6080 -23.3385
148.9349 178.4798 -22.4886

163.8061 -179.1239 -23.4443
163.8800 -164.1779 -22.6160
163.8631 -149.2340 -22.0335
163.8646 -134.3585 -21.7589
163.8107 -119.4698 -21.0152
163.8143 -104.5226 -20.6447
163.8700 -89.6049 -20.5215
163.8545 -74.6423 -20.7030
163.8513 -59.6979 -21.5075
163.8639 -44.6840 -22.7827
163.6562 -30.2614 -23.5699
164.2932 -15.2632 -19.7098
164.2559 0.1280 -22.0177
163.9058 14.7519 -23.4256
163.9251 29.5863 -23.4278
163.8903 44.4767 -23.3622
163.8342 59.3369 -22.8864
163.8505 74.3099 -22.5675
163.8657 89.2581 -23.0122
163.8604 104.1536 -23.4396
163.8514 119.0736 -24.0708
163.8522 133.9409 -24.6155
163.7921 148.8164 -24.8338
163.7795 163.6370 -24.7650
163.7964 178.4606 -23.6386

178.7756 -179.0666 -24.4604
178.6833 -164.1661 -23.7555
178.7185 -149.2297 -23.3538
178.7075 -134.3759 -22.9603
178.7277 -119.5088 -22.0288
178.7310 -104.4786 -21.4708
178.7613 -89.5434 -22.0873
178.7836 -74.6633 -22.3573
178.7868 -59.6099 -23.2881
178.7182 -45.0557 -24.2058
178.4743 -30.1386 -21.4896
178.8906 -14.7910 -23.1486
178.8302 -0.1417 -25.0167
178.7683 14.7131 -24.7186
178.7706 29.6204 -25.4362
178.7142 44.3724 -24.5979
178.7237 59.3589 -23.8697
178.7010 74.3062 -23.7260
178.6413 89.2389 -23.9306
178.6492 104.1466 -24.3618
178.6231 119.0439 -24.7386
178.5928 133.9564 -25.2103
178.6965 148.7888 -25.5310
178.7274 163.6300 -24.9925
178.7809 178.5450 -24.5494

